这是2行头文件，
你可以选择跳过，读取后面的数据。
1.096975,    0.635914,    4.045800,    4.483729,    3.658162,    7.635046
6.278964,    7.719804,    9.328536,    9.727409,    1.920283,    1.388742
6.962663,    0.938200,    5.254044,    5.303442,    8.611398,    4.848533
这是2行头文件，
你可以选择跳过，读取后面的数据。
1.839078,    2.399525,    4.172671,    0.496544,    9.027161,    9.447872
4.908641,    4.892526,    3.377194,    9.000538,    3.692468,    1.112028
7.802521,    3.897388,    2.416913,    4.039121,    0.964545,    1.319733
