这是2行头文件，
你可以选择跳过，读取后面的数据。
1.096975    0.635914    4.045800    4.483729    3.658162    7.635046
6.278964    7.719804    9.328536    9.727409    1.920283    1.388742
6.962663    0.938200    5.254044    5.303442    8.611398    4.848533
这里还有两行，
看你还有没有办法！
5.472155    1.386244    1.492940
8.142848    2.435250    9.292636
这是2行头文件，
你可以选择跳过，读取后面的数据。
9.420506    9.561345    5.752086    0.597795    2.347799    3.531586
8.211940    0.154034    0.430238    1.689900    6.491155    7.317224
6.477460    4.509237    5.470089    2.963208    7.446928    1.889550
这里还有两行文字说明和两行数据，
看你还有没有办法！
6.867754    1.835112    3.684846    6.256186    7.802274    0.811258
